Au
electron
inelastic
0.0590073
0	8000000.12
1	800000.15
5	70000.28
7	50
10	1.43
20	1.75
40	2.38
45	2.54
49	2.66
50.00	2.69001
50.7	2.71153
51.3	2.73340
52	2.76011
52.7	2.77821
53.4	2.80117
54.1	2.82451
54.9	2.84825
55.6	2.86752
56.3	2.89199
57.1	2.91187
57.8	2.93202
58.6	2.95760
59.4	2.97839
60.2	2.99948
61	3.02087
61.8	3.03711
62.6	3.05904
63.5	3.08128
64.3	3.09818
65.2	3.12101
66	3.13835
66.9	3.15588
67.8	3.17956
68.7	3.19756
69.6	3.21576
70.6	3.23417
71.5	3.25280
72.5	3.27163
73.4	3.28431
74.4	3.30352
75.4	3.32295
76.4	3.33604
77.4	3.35585
78.4	3.36920
79.5	3.38265
80.5	3.39621
81.6	3.40987
82.7	3.43058
83.8	3.43754
84.9	3.45154
86.1	3.46566
87.2	3.47989
88.4	3.49424
89.6	3.50146
90.7	3.51599
92	3.52330
93.2	3.53801
94.4	3.54541
95.7	3.55284
97	3.56031
98.3	3.57533
99.6	3.58289
100.9	3.59048
102.2	3.59810
103.6	3.59810
105	3.60576
106.4	3.61345
107.8	3.62117
109.2	3.62117
110.7	3.62892
112.2	3.62892
113.7	3.63671
115.2	3.63671
116.7	3.63671
118.3	3.63671
119.9	3.63671
121.4	3.64453
123.1	3.64453
124.7	3.63671
126.4	3.63671
128.1	3.63671
129.8	3.63671
131.5	3.63671
133.2	3.62892
135	3.62892
136.8	3.62117
138.6	3.62117
140.5	3.61345
142.4	3.60576
144.3	3.60576
146.2	3.59810
148.1	3.59048
150.1	3.58289
152.1	3.57533
154.1	3.56780
156.2	3.56031
158.3	3.55284
160.4	3.53801
162.5	3.53064
164.7	3.52330
166.9	3.50871
169.1	3.50146
171.4	3.48705
173.7	3.47276
176	3.46566
178.3	3.45154
180.7	3.43754
183.1	3.42365
185.6	3.40987
188	3.39621
190.5	3.38265
193.1	3.36920
195.7	3.35585
198.3	3.34262
200.9	3.32295
203.6	3.30997
206.3	3.29709
209	3.27796
211.8	3.26533
214.7	3.24656
217.5	3.22801
220.4	3.20967
223.4	3.19756
226.3	3.17956
229.4	3.16177
232.4	3.14417
235.5	3.12676
238.7	3.10955
241.8	3.08690
245.1	3.07012
248.3	3.05352
251.6	3.03168
255	3.01549
258.4	2.99418
261.8	2.97839
265.3	2.95760
268.9	2.93710
272.5	2.91688
276.1	2.89693
279.8	2.87726
283.5	2.85785
287.3	2.83870
291.1	2.81981
295	2.80117
298.9	2.78277
302.9	2.76011
307	2.74224
311	2.72023
315.2	2.70288
319.4	2.68150
323.7	2.66045
328	2.63973
332.3	2.62338
336.8	2.60324
341.3	2.58339
345.8	2.55998
350.4	2.54079
355.1	2.52188
359.8	2.50326
364.6	2.48127
369.5	2.46324
374.4	2.44194
379.4	2.42101
384.5	2.40384
389.6	2.38355
394.8	2.36361
400.1	2.34399
405.4	2.32470
410.8	2.30572
416.3	2.28705
421.8	2.26565
427.5	2.24762
433.2	2.22695
438.9	2.20953
444.8	2.18954
450.7	2.16992
456.7	2.15338
462.8	2.13439
469	2.11574
475.2	2.09741
481.6	2.07685
488	2.05918
494.5	2.04181
501.1	2.02232
507.8	2.00557
514.5	1.98676
521.4	1.96830
528.4	1.95243
535.4	1.93460
542.5	1.91709
549.8	1.89777
557.1	1.88092
564.5	1.86436
572.1	1.84609
579.7	1.83014
587.4	1.81252
595.3	1.79714
603.2	1.78015
611.2	1.76348
619.4	1.74712
627.6	1.73106
636	1.71356
644.5	1.69810
653.1	1.68126
661.8	1.66638
670.6	1.65015
679.6	1.63424
688.6	1.61863
697.8	1.60332
707.1	1.58829
716.5	1.57354
726.1	1.55763
735.8	1.54345
745.6	1.52814
755.5	1.51448
765.6	1.49974
775.8	1.48528
786.2	1.46982
796.6	1.45593
807.3	1.44230
818	1.42772
828.9	1.41461
840	1.40058
851.2	1.38683
862.5	1.37334
874	1.36012
885.7	1.34607
897.5	1.33336
909.5	1.31986
921.6	1.30764
933.9	1.29466
946.3	1.28193
958.9	1.26944
971.7	1.25627
984.7	1.24428
997.8	1.23162
1011.1	1.22009
1024.6	1.20792
1038.3	1.19598
1052.1	1.18345
1066.1	1.17200
1080.4	1.16076
1094.8	1.14895
1109.4	1.13739
1124.2	1.12605
1139.1	1.11494
1154.3	1.10404
1169.7	1.09265
1185.3	1.08150
1201.1	1.07124
1217.1	1.06052
1233.4	1.04935
1249.8	1.03906
1266.5	1.02897
1283.4	1.01845
1300.5	1.00815
1317.8	0.99806
1335.4	0.98817
1353.2	0.97790
1371.2	0.96840
1389.5	0.95854
1408.1	0.94888
1426.8	0.93942
1445.9	0.92962
1465.1	0.92054
1484.7	0.91113
1504.5	0.90192
1524.5	0.89289
1544.9	0.88358
1565.5	0.87491
1586.3	0.86597
1607.5	0.85721
1628.9	0.84863
1650.6	0.83980
1672.6	0.83155
1694.9	0.82307
1717.5	0.81476
1740.4	0.80624
1763.7	0.79826
1787.2	0.79007
1811	0.78205
1835.1	0.77419
1859.6	0.76614
1884.4	0.75826
1909.5	0.75087
1935	0.74297
1960.8	0.73555
1986.9	0.72797
2013.4	0.72054
2040.3	0.71326
2067.5	0.70613
2095.1	0.69885
2123	0.69172
2151.3	0.68473
2180	0.67761
2209.1	0.67064
2238.5	0.66381
2268.4	0.65712
2298.6	0.65031
2329.3	0.64364
2360.3	0.63711
2391.8	0.63071
2423.7	0.62420
2456	0.61783
2488.7	0.61159
2521.9	0.60525
2555.6	0.59905
2589.6	0.59297
2624.2	0.58681
2659.1	0.58078
2694.6	0.57487
2730.5	0.56908
2766.9	0.56321
2803.8	0.55747
2841.2	0.55166
2879.1	0.54615
2917.5	0.54040
2956.4	0.53495
2995.8	0.52943
3035.8	0.52403
3076.2	0.51858
3117.3	0.51339
3158.8	0.50801
3200.9	0.50288
3243.6	0.49771
3286.9	0.49265
3330.7	0.48754
3375.1	0.48255
3420.1	0.47765
3465.7	0.47272
3511.9	0.46789
3558.8	0.46303
3606.2	0.45828
3654.3	0.45362
3703	0.44893
3752.4	0.44434
3802.4	0.43973
3853.1	0.43521
3904.5	0.43078
3956.6	0.42634
4009.3	0.42199
4062.8	0.41762
4117	0.41334
4171.9	0.40905
4227.5	0.40485
4283.9	0.40073
4341	0.39661
4398.9	0.39247
4457.5	0.38852
4517	0.38446
4577.2	0.38058
4638.2	0.37660
4700.1	0.37279
4762.7	0.36890
4826.2	0.36516
4890.6	0.36134
4955.8	0.35768
5021.9	0.35395
5088.8	0.35036
5156.7	0.34671
5225.5	0.34320
5295.1	0.33962
5365.7	0.33612
5437.3	0.33269
5509.8	0.32926
5583.2	0.32584
5657.7	0.32249
5733.1	0.31921
5809.6	0.31588
5887	0.31268
5965.5	0.30942
6045.1	0.30624
6125.7	0.30311
6207.4	0.30000
6290.1	0.29690
6374	0.29386
6459	0.29084
6545.1	0.28782
6632.4	0.28487
6720.8	0.28193
6810.4	0.27901
6901.3	0.27615
6993.3	0.27330
7086.5	0.27050
7181	0.26773
7276.8	0.26496
7373.8	0.26222
7472.1	0.25953
7571.7	0.25685
7672.7	0.25419
7775	0.25159
7878.7	0.24900
7983.7	0.24643
8090.2	0.24388
8198.1	0.24138
8307.4	0.23889
8418.1	0.23643
8530.4	0.23401
8644.1	0.23158
8759.4	0.22920
8876.2	0.22684
8994.5	0.22449
9114.5	0.22220
9236	0.21989
9359.2	0.21763
9484	0.21539
9610.4	0.21317
9738.6	0.21097
9868.4	0.20881
10000	0.20665
11000	0.20665
20000	0.20665
50000	0.20665
90000	0.20665